  0
  0
  0
  0
  0
  0
  0
  0
  0
  0
  0
  0
  0
  0
  0
  0
  0
  0
  0
  0
  0
  0
  0
  0
  0
  0
  0
  0
  0
  0
  0
  0
  0
  0
  0
  0
  0
  0
  0
  0
  0
  0
  0
  0
  0
  0
  0
  0
  0
  0
  0
  0
  0
  0
  0
  0
  0
  0
  0
  0
  0
  0
  0
  0
  0
  0
  0
  0
  0
  0
  0
  0
  0
  0
  0
  0
  0
  0
  0
  0
  0
  0
  0
  0
  0
  0
  0
  0
  0
  0
  0
  0
  0
  0
  0
  0
  0
  0
  0
  0
  0
  0
  0
  0
  0
  0
  0
  0
  0
  0
  0
  0
  0
  0
  0
  0
  0
  0
  0
  0
  0
  0
  0
  0
  0
  0
  0
  0
  0
  0
  0
  0
  0
  0
  0
  0
  0
  0
  0
  0
  0
  0
  0
  0
  0
  0
  0
  0
  0
  0
  0
  0
  0
  0
  0
  0
  0
  0
  0
  0
  0
  0
  0
  0
  0
  0
  0
  0
  0
  0
  0
  0
  0
  0
  0
  0
  0
  0
  0
  0
  0
  0
  0
  0
  0
  0
  0
  0
 30
 30
 31
 31
 32
 32
 32
 33
 33
 33
 34
 34
 34
 35
 36
 37
 38
 39
 40
 41
 41
 42
 43
 44
 44
 45
 45
 46
 47
 47
 48
 48
 49
 50
 51
 51
 52
 53
 54
 55
 56
 57
 57
 58
 59
 60
 60
 61
 62
 62
 63
 64
 65
 66
 67
 69
 70
 72
 73
 74
 76
 77
 79
 81
 83
 86
 88
 90
 92
 95
 97
 99
102
105
109
112
116
119
123
126
130
133
137
143
148
153
158
163
168
174
179
184
189
194
198
203
208
212
217
222
226
231
235
237
239
241
243
245
248
250
252
254
255
251
247
243
239
235
231
227
223
220
215
209
203
197
191
185
179
173
167
161
155
150
144
139
134
129
124
118
113
108
103
100
 97
 94
 91
 87
 84
 81
 78
 75
 72
 70
 68
 66
 64
 62
 60
 59
 57
 55
 53
 52
 50
 49
 48
 46
 45
 44
 42
 41
 40
 39
 38
 37
 36
 36
 35
 34
 33
 32
 32
 31
 30
 30
  0
  0
  0
  0
  0
  0
  0
  0
  0
  0
  0
  0
  0
  0
  0
  0
  0
  0
  0
  0
  0
  0
  0
  0
  0
  0
  0
  0
  0
  0
  0
  0
  0
  0
  0
  0
  0
  0
  0
  0
  0
  0
  0
  0
  0
  0
  0
  0
  0
  0
  0
  0
  0
  0
  0
  0
  0
  0
  0
  0
  0
  0
  0
  0
  0
  0
  0
  0
  0
  0
  0
  0
  0
  0
  0
  0
  0
  0
  0
  0
  0
  0
  0
  0
  0
  0
  0
  0
  0
  0
  0
  0
  0
  0
  0
  0
  0
  0
  0
  0
  0
  0
  0
  0
  0
  0
  0
  0
  0
  0
  0
  0
  0
  0
  0
  0
  0
  0
  0
  0
  0
  0
  0
  0
  0
  0
  0
  0
  0
  0
  0
  0
  0
  0
  0
  0
  0
  0
