1.000000000000000000e+00 6.446335183451500153e-18
2.000000000000000000e+00 6.985733075274088064e-18
3.000000000000000000e+00 7.519896333409866004e-18
4.000000000000000000e+00 7.733071134006268311e-18
5.000000000000000000e+00 7.975285250074802465e-18
6.000000000000000000e+00 8.128632929916952473e-18
7.000000000000000000e+00 8.326112895494609023e-18
8.000000000000000000e+00 8.830813197767711516e-18
9.000000000000000000e+00 8.966637376633040459e-18
1.000000000000000000e+01 9.608002647866426502e-18
1.100000000000000000e+01 9.775678583048000490e-18
1.200000000000000000e+01 1.057853000748042012e-17
1.300000000000000000e+01 1.102231137639896539e-17
1.400000000000000000e+01 1.234834741377601616e-17
1.500000000000000000e+01 1.351708327501663396e-17
1.600000000000000000e+01 1.483050516971926109e-17
1.700000000000000000e+01 1.658956486967743599e-17
1.800000000000000000e+01 1.788358867271528000e-17
1.900000000000000000e+01 2.074921009313109909e-17
2.000000000000000000e+01 2.309507596870388093e-17
2.100000000000000000e+01 2.886135679234949416e-17
2.200000000000000000e+01 3.266933784854072986e-17
2.300000000000000000e+01 3.837894723710793630e-17
2.400000000000000000e+01 4.306343166929986170e-17
2.500000000000000000e+01 5.229231435930497515e-17
2.600000000000000000e+01 6.729832122140364234e-17
2.700000000000000000e+01 9.072220032140878736e-17
2.800000000000000000e+01 1.250348500968966940e-16
2.900000000000000000e+01 1.560579854800103569e-16
3.000000000000000000e+01 1.700066426583846710e-16
3.100000000000000000e+01 1.441952931698327310e-16
3.200000000000000000e+01 1.040973421334256219e-16
3.300000000000000000e+01 6.934627563486106977e-17
3.400000000000000000e+01 4.845117682660756913e-17
3.500000000000000000e+01 3.573479427413309825e-17
3.600000000000000000e+01 2.682990513595405247e-17
3.700000000000000000e+01 2.143075333721503198e-17
3.800000000000000000e+01 1.760166905666612737e-17
3.900000000000000000e+01 1.557647032290315811e-17
4.000000000000000000e+01 1.420698817568910853e-17
4.100000000000000000e+01 1.356785254846134716e-17
4.200000000000000000e+01 1.316943969140689448e-17
4.300000000000000000e+01 1.301782083661966112e-17
4.400000000000000000e+01 1.300456477906781182e-17
4.500000000000000000e+01 1.308986971707002967e-17
4.600000000000000000e+01 1.325517308915328570e-17
4.700000000000000000e+01 1.346013620964650848e-17
4.800000000000000000e+01 1.371552876971259417e-17
4.900000000000000000e+01 1.400005754510775825e-17
5.000000000000000000e+01 1.430571248684862573e-17
