#    freq   precomp   precomp_fix  ratio
      9.05   0.028018   0.022916    0.81789 
      9.15   0.026441        0.0        0.0 
      9.25   0.025091        0.0        0.0 
      9.35   0.023734        0.0        0.0 
      9.45    0.02251   0.018411    0.81789 
      9.55   0.021267        0.0        0.0 
      9.65   0.020129        0.0        0.0 
      9.75   0.019083        0.0        0.0 
      9.85   0.018103   0.014806    0.81789 
      9.95   0.017142        0.0        0.0 
     10.05   0.016314        0.0        0.0 
     10.15   0.015393        0.0        0.0 
     10.25   0.014685    0.01201    0.81789 
     10.35   0.013954        0.0        0.0 
     10.45   0.013196        0.0        0.0 
     10.55   0.012584        0.0        0.0 
     10.65    0.01192  0.0097491    0.81789 
     10.75   0.011319        0.0        0.0 
     10.85   0.010758        0.0        0.0 
     10.95   0.010242        0.0        0.0 
     11.05  0.0097213   0.007951    0.81789 
     11.15  0.0092162        0.0        0.0 
     11.25    0.00872        0.0        0.0 
     11.35   0.008312        0.0        0.0 
     11.45  0.0078933  0.0064559    0.81789 
     11.55  0.0075764        0.0        0.0 
     11.65  0.0072167        0.0        0.0 
     11.75  0.0068412        0.0        0.0 
     11.85  0.0064687  0.0052907    0.81789 
     11.95  0.0061671        0.0        0.0 
     12.05  0.0059002        0.0        0.0 
     12.15  0.0056115        0.0        0.0 
     12.25  0.0053036  0.0010845    0.20447 
     12.35  0.0050764   0.001038    0.20447 
     12.45   0.004827   0.000987    0.20447 
     12.55  0.0046372 0.00094818    0.20447 
     12.65  0.0043486 0.00088917    0.20447 
     12.75  0.0041694 0.00085253    0.20447 
     12.85  0.0039424 0.00080611    0.20447 
     12.95  0.0037971  0.0007764    0.20447 
     13.05  0.0036276 0.00074174    0.20447 
     13.15  0.0034133 0.00069793    0.20447 
     13.25  0.0032469  0.0006639    0.20447 
     13.35  0.0030911 0.00063205    0.20447 
     13.45   0.002955 0.00060422    0.20447 
     13.55   0.002814 0.00057538    0.20447 
     13.65  0.0026762 0.00054722    0.20447 
     13.75  0.0025494 0.00052128    0.20447 
     13.85  0.0024359 0.00049807    0.20447 
     13.95  0.0023301 0.00047645    0.20447 
     14.05  0.0022106 0.00045202    0.20447 
     14.15  0.0021039  0.0004302    0.20447 
     14.25  0.0020355 0.00041621    0.20447 
     14.35  0.0019178 0.00039215    0.20447 
     14.45  0.0018286 0.00037389    0.20447 
     14.55  0.0017472 0.00035726    0.20447 
     14.65  0.0016627 0.00033999    0.20447 
     14.75  0.0016025 0.00032767    0.20447 
     14.85  0.0015433 0.00031555    0.20447 
     14.95    0.00147 0.00030058    0.20447 
     15.05  0.0013988 0.00028602    0.20447 
     15.15  0.0013476 0.00027555    0.20447 
     15.25  0.0012727 0.00026024    0.20447 
     15.35  0.0012212 0.00024971    0.20447 
     15.45  0.0011673 0.00023869    0.20447 
     15.55  0.0011171 0.00022842    0.20447 
     15.65  0.0010841 0.00022168    0.20447 
     15.75  0.0010246  0.0002095    0.20447 
     15.85 0.00098943 0.00020231    0.20447 
     15.95 0.00096132 0.00019656    0.20447 
     16.05 0.00092082 0.00018828    0.20447 
     16.15 0.00088629 0.00018122    0.20447 
     16.25 0.00085774 0.00017538    0.20447 
     16.35 0.00081959 0.00016758    0.20447 
     16.45 0.00079244 0.00016203    0.20447 
     16.55 0.00077249 0.00015795    0.20447 
     16.65  0.0007394 0.00015119    0.20447 
     16.75  0.0007152 0.00014624    0.20447 
     16.85 0.00069684 0.00014248    0.20447 
     16.95 0.00066294 0.00013555    0.20447 
     17.05 0.00064222 0.00013132    0.20447 
     17.15  0.0006412 0.00013111    0.20447 
     17.25 0.00061311 0.00012537    0.20447 
     17.35 0.00060882 0.00012449    0.20447 
     17.45 0.00058092 0.00011878    0.20447 
     17.55 0.00057526 0.00011763    0.20447 
     17.65 0.00055612 0.00011371    0.20447 
     17.75 0.00054817 0.00011209    0.20447 
     17.85 0.00053912 0.00011023    0.20447 
     17.95 0.00052711 0.00010778    0.20447 
     18.05 0.00051966   0.010626     20.447 
     18.15 0.00050933   0.010414     20.447 
     18.25 0.00050725   0.010372     20.447 
     18.35 0.00049676   0.010157     20.447 
     18.45 0.00049695   0.010161     20.447 
     18.55  0.0004837  0.0098905     20.447 
     18.65 0.00048571  0.0099314     20.447 
     18.75 0.00047118  0.0096344     20.447 
     18.85 0.00047397  0.0096914     20.447 
     18.95 0.00047186  0.0096483     20.447 
     19.05 0.00046862   0.009582     20.447 
     19.15  0.0004695     0.0096     20.447 
     19.25 0.00046675  0.0095437     20.447 
     19.35 0.00045977   0.009401     20.447 
     19.45  0.0004552  0.0093076     20.447 
     19.55 0.00046279  0.0094628     20.447 
     19.65 0.00046908  0.0095914     20.447 
     19.75 0.00046208  0.0094483     20.447 
     19.85 0.00046569  0.0095221     20.447 
     19.95 0.00046964  0.0096028     20.447 
     20.05 0.00047144  0.0096397     20.447 
     20.15  0.0004681  0.0095714     20.447 
     20.25 0.00046394  0.0094863     20.447 
     20.35  0.0004726  0.0096635     20.447 
     20.45  0.0004798  0.0098106     20.447 
     20.55 0.00047931  0.0098006     20.447 
     20.65 0.00048242  0.0098643     20.447 
     20.75 0.00048762  0.0099706     20.447 
     20.85 0.00049194   0.010059     20.447 
     20.95 0.00048743  0.0099667     20.447 
     21.05 0.00050767    0.01038     20.447 
     21.15 0.00050988   0.010426     20.447 
     21.25 0.00050988   0.010426     20.447 
     21.35 0.00051657   0.010562     20.447 
     21.45 0.00052964    0.01083     20.447 
     21.55 0.00053045   0.010846     20.447 
     21.65 0.00052773   0.010791     20.447 
     21.75 0.00054212   0.011085     20.447 
     21.85 0.00054207   0.011084     20.447 
     21.95 0.00055211   0.011289     20.447 
     22.05 0.00055828   0.011415     20.447 
     22.15 0.00056494   0.011551     20.447 
     22.25 0.00057301   0.011717     20.447 
     22.35 0.00057522   0.011762     20.447 
     22.45 0.00058096   0.011879     20.447 
     22.55 0.00057592   0.011776     20.447 
     22.65 0.00058335   0.011928     20.447 
     22.75 0.00059126    0.01209     20.447 
     22.85 0.00059541   0.012175     20.447 
     22.95 0.00060061   0.012281     20.447 
     23.05  0.0006091   0.012454     20.447 
     23.15 0.00061897   0.012656     20.447 
     23.25 0.00063241   0.012931     20.447 
     23.35 0.00063103   0.012903     20.447 
     23.45 0.00063487   0.012981     20.447 
     23.55 0.00063724    0.01303     20.447 
     23.65 0.00064405   0.013169     20.447 
     23.75 0.00065581    0.01341     20.447 
     23.85 0.00065962   0.013488     20.447 
     23.95 0.00066317    0.01356     20.447 
     24.05  0.0006721   0.013743     20.447 
     24.15 0.00069049   0.014119     20.447 
     24.25 0.00068954   0.014099     20.447 
     24.35 0.00069161   0.014142     20.447 
     24.45 0.00070659   0.014448     20.447 
     24.55 0.00071134   0.014545     20.447 
     24.65 0.00072456   0.014815     20.447 
     24.75 0.00070568   0.014429     20.447 
     24.85 0.00072579   0.014841     20.447 
     24.95 0.00075043   0.015344     20.447 
     25.05 0.00073632 0.00015056    0.20447 
     25.15 0.00074094  0.0001515    0.20447 
     25.25 0.00074481 0.00015229    0.20447 
     25.35 0.00075916 0.00015523    0.20447 
     25.45 0.00076874 0.00015719    0.20447 
     25.55 0.00076596 0.00015662    0.20447 
     25.65 0.00076596 0.00015662    0.20447 
     25.75  0.0007819 0.00015988    0.20447 
     25.85 0.00078175 0.00015985    0.20447 
     25.95 0.00080106  0.0001638    0.20447 
     26.05 0.00079432 0.00016242    0.20447 
     26.15 0.00080816 0.00016525    0.20447 
     26.25 0.00080241 0.00016407    0.20447 
     26.35 0.00080775 0.00016516    0.20447 
     26.45 0.00081301 0.00016624    0.20447 
     26.55 0.00082561 0.00016882    0.20447 
     26.65 0.00083303 0.00017033    0.20447 
     26.75 0.00083583 0.00017091    0.20447 
     26.85   0.000847 0.00017319    0.20447 
     26.95  0.0008582 0.00017548    0.20447 
     27.05 0.00085704 0.00017524    0.20447 
     27.15 0.00086046 0.00017594    0.20447 
     27.25 0.00086438 0.00017674    0.20447 
     27.35 0.00087182 0.00017826    0.20447 
     27.45 0.00087829 0.00017959    0.20447 
     27.55 0.00089166 0.00018232    0.20447 
     27.65 0.00089226 0.00018244    0.20447 
     27.75 0.00088748 0.00018147    0.20447 
     27.85 0.00090175 0.00018438    0.20447 
     27.95 0.00091404  0.0001869    0.20447 
     28.05  0.0009083 0.00018572    0.20447 
     28.15 0.00091772 0.00018765    0.20447 
     28.25 0.00092665 0.00018948    0.20447 
     28.35 0.00092639 0.00018942    0.20447 
     28.45 0.00092941 0.00019004    0.20447 
     28.55  0.0009307  0.0001903    0.20447 
     28.65 0.00094709 0.00019365    0.20447 
     28.75 0.00094144  0.0001925    0.20447 
     28.85 0.00096298  0.0001969    0.20447 
     28.95 0.00095855   0.000196    0.20447 
     29.05 0.00095749 0.00019578    0.20447 
     29.15 0.00096404 0.00019712    0.20447 
     29.25 0.00097122 0.00019859    0.20447 
     29.35 0.00096673 0.00019767    0.20447 
     29.45 0.00096974 0.00019829    0.20447 
     29.55 0.00098562 0.00020153    0.20447 
     29.65 0.00099508 0.00020347    0.20447 
     29.75 0.00098926 0.00020228    0.20447 
     29.85 0.00099922 0.00020431    0.20447 
     29.95  0.0010143 0.00020741    0.20447 
     30.05  0.0010041 0.00020532    0.20447 
     30.15  0.0010041 0.00020532    0.20447 
     30.25  0.0010054 0.00020558    0.20447 
     30.35  0.0010171 0.00020798    0.20447 
     30.45  0.0010191 0.00020839    0.20447 
     30.55  0.0010197 0.00020851    0.20447 
     30.65  0.0010222 0.00020901    0.20447 
     30.75  0.0010365 0.00021194    0.20447 
     30.85  0.0010309 0.00021078    0.20447 
     30.95  0.0010367 0.00021199    0.20447 
     31.05  0.0010442 0.00021352    0.20447 
     31.15   0.001045 0.00021368    0.20447 
     31.25  0.0010577 0.00021627    0.20447 
     31.35  0.0010526 0.00021522    0.20447 
     31.45  0.0010645 0.00021765    0.20447 
     31.55  0.0010612 0.00021698    0.20447 
     31.65  0.0010783 0.00022048    0.20447 
     31.75  0.0010739 0.00021958    0.20447 
     31.85  0.0010762 0.00022006    0.20447 
     31.95  0.0010813 0.00022109    0.20447 
     32.05  0.0010828 0.00022141    0.20447 
     32.15  0.0010846 0.00022177    0.20447 
     32.25  0.0010894 0.00022274    0.20447 
     32.35  0.0010919 0.00022327    0.20447 
     32.45  0.0011147 0.00022792    0.20447 
     32.55  0.0011102   0.000227    0.20447 
     32.65  0.0011059 0.00022612    0.20447 
     32.75  0.0011216 0.00022934    0.20447 
     32.85  0.0011143 0.00022784    0.20447 
     32.95  0.0011253 0.00023009    0.20447 
     33.05  0.0011258 0.00023019    0.20447 
     33.15  0.0011329 0.00023165    0.20447 
     33.25  0.0011391 0.00023291    0.20447 
     33.35  0.0011461 0.00023435    0.20447 
     33.45  0.0011458 0.00023428    0.20447 
     33.55  0.0011485 0.00023485    0.20447 
     33.65  0.0011548 0.00023613    0.20447 
     33.75  0.0011627 0.00023775    0.20447 
     33.85   0.001171 0.00023944    0.20447 
     33.95  0.0011805 0.00024139    0.20447 
     34.05  0.0011775 0.00024078    0.20447 
     34.15  0.0011826  0.0002418    0.20447 
     34.25   0.001185  0.0002423    0.20447 
     34.35  0.0011876 0.00024283    0.20447 
     34.45  0.0012071 0.00024682    0.20447 
     34.55  0.0011902 0.00024336    0.20447 
     34.65  0.0012155 0.00024854    0.20447 
     34.75   0.001218 0.00024904    0.20447 
     34.85  0.0012378 0.00025309    0.20447 
     34.95  0.0012319  0.0002519    0.20447 
     35.05  0.0012329  0.0002521    0.20447 
     35.15  0.0012345 0.00025241    0.20447 
     35.25  0.0012472 0.00025502    0.20447 
     35.35  0.0012582 0.00025727    0.20447 
     35.45   0.001239 0.00025335    0.20447 
     35.55  0.0012515 0.00025589    0.20447 
     35.65  0.0012577 0.00025717    0.20447 
     35.75  0.0012745 0.00026061    0.20447 
     35.85  0.0012729 0.00026028    0.20447 
     35.95  0.0012985  0.0002655    0.20447 
     36.05  0.0012941  0.0021169     1.6358 
     36.15  0.0013031        0.0        0.0 
     36.25  0.0012947        0.0        0.0 
     36.35  0.0013015        0.0        0.0 
     36.45  0.0013135        0.0        0.0 
     36.55  0.0013179        0.0        0.0 
     36.65  0.0013252        0.0        0.0 
     36.75  0.0013232        0.0        0.0 
     36.85  0.0013465  0.0022026     1.6358 
     36.95  0.0013478        0.0        0.0 
     37.05  0.0013519        0.0        0.0 
     37.15  0.0013683        0.0        0.0 
     37.25  0.0013673        0.0        0.0 
     37.35  0.0013849        0.0        0.0 
     37.45  0.0013909        0.0        0.0 
     37.55  0.0014043        0.0        0.0 
     37.65  0.0014112  0.0023084     1.6358 
     37.75  0.0014183        0.0        0.0 
     37.85  0.0014072        0.0        0.0 
     37.95  0.0014339        0.0        0.0 
     38.05  0.0014357        0.0        0.0 
     38.15  0.0014434        0.0        0.0 
     38.25  0.0014604        0.0        0.0 
     38.35  0.0014657        0.0        0.0 
     38.45  0.0014713  0.0024068     1.6358 
     38.55  0.0015006        0.0        0.0 
     38.65  0.0014892        0.0        0.0 
     38.75  0.0015134        0.0        0.0 
     38.85  0.0015135        0.0        0.0 
     38.95  0.0015044        0.0        0.0 
     39.05  0.0015256        0.0        0.0 
     39.15  0.0015445        0.0        0.0 
     39.25  0.0015588  0.0025498     1.6358 
     39.35  0.0015572        0.0        0.0 
     39.45  0.0015918        0.0        0.0 
     39.55  0.0015912        0.0        0.0 
     39.65  0.0015905        0.0        0.0 
     39.75   0.001601        0.0        0.0 
     39.85  0.0016128        0.0        0.0 
     39.95  0.0016146        0.0        0.0 
     40.05  0.0016551  0.0027074     1.6358 
     40.15  0.0016638        0.0        0.0 
     40.25  0.0016698        0.0        0.0 
     40.35  0.0016773        0.0        0.0 
     40.45  0.0016789        0.0        0.0 
     40.55  0.0016891        0.0        0.0 
     40.65  0.0017117        0.0        0.0 
     40.75  0.0017226        0.0        0.0 
     40.85  0.0017406  0.0028473     1.6358 
     40.95  0.0017436        0.0        0.0 
     41.05  0.0017645        0.0        0.0 
     41.15    0.00176        0.0        0.0 
     41.25  0.0017819        0.0        0.0 
     41.35  0.0017972        0.0        0.0 
     41.45  0.0017978        0.0        0.0 
     41.55  0.0018215        0.0        0.0 
     41.65  0.0018366  0.0030043     1.6358 
     41.75  0.0018408        0.0        0.0 
     41.85  0.0018554        0.0        0.0 
     41.95  0.0018729        0.0        0.0 
     42.05  0.0018884        0.0        0.0 
     42.15  0.0019057        0.0        0.0 
     42.25  0.0019144        0.0        0.0 
     42.35  0.0019291        0.0        0.0 
     42.45   0.001948  0.0031866     1.6358 
     42.55  0.0019622        0.0        0.0 
     42.65  0.0019866        0.0        0.0 
     42.75  0.0019845        0.0        0.0 
     42.85  0.0020074        0.0        0.0 
     42.95  0.0020227        0.0        0.0 
     43.05  0.0020502        0.0        0.0 
     43.15  0.0020519        0.0        0.0 
     43.25   0.002074  0.0033926     1.6358 
     43.35  0.0020835        0.0        0.0 
     43.45  0.0020989        0.0        0.0 
     43.55  0.0021057        0.0        0.0 
     43.65  0.0021508        0.0        0.0 
     43.75  0.0021526        0.0        0.0 
     43.85  0.0021727        0.0        0.0 
     43.95  0.0021888        0.0        0.0 
     44.05  0.0022063   0.003609     1.6358 
     44.15  0.0022132        0.0        0.0 
     44.25  0.0022408        0.0        0.0 
     44.35  0.0022505        0.0        0.0 
     44.45  0.0023023        0.0        0.0 
     44.55  0.0022974        0.0        0.0 
     44.65  0.0023226        0.0        0.0 
     44.75  0.0023287        0.0        0.0 
     44.85  0.0023434  0.0038332     1.6358 
     44.95  0.0023719        0.0        0.0 
     45.05  0.0023839        0.0        0.0 
     45.15  0.0023883        0.0        0.0 
     45.25  0.0024052        0.0        0.0 
     45.35  0.0024282        0.0        0.0 
     45.45  0.0024584        0.0        0.0 
     45.55  0.0024709        0.0        0.0 
     45.65  0.0024972  0.0040848     1.6358 
     45.75  0.0025212        0.0        0.0 
     45.85  0.0025422        0.0        0.0 
     45.95  0.0025383        0.0        0.0 
     46.05  0.0025547        0.0        0.0 
     46.15  0.0025879        0.0        0.0 
     46.25  0.0026109        0.0        0.0 
     46.35  0.0026259        0.0        0.0 
     46.45    0.00265  0.0043349     1.6358 
     46.55  0.0026641        0.0        0.0 
     46.65  0.0026886        0.0        0.0 
     46.75  0.0027031        0.0        0.0 
     46.85  0.0027134        0.0        0.0 
     46.95  0.0027476        0.0        0.0 
     47.05  0.0027667        0.0        0.0 
     47.15  0.0027656        0.0        0.0 
     47.25  0.0028017   0.004583     1.6358 
     47.35  0.0028114        0.0        0.0 
     47.45  0.0028352        0.0        0.0 
     47.55  0.0028686        0.0        0.0 
     47.65   0.002891        0.0        0.0 
     47.75  0.0028849        0.0        0.0 
     47.85  0.0029252        0.0        0.0 
     47.95  0.0029368        0.0        0.0 
     48.05  0.0029318  0.0047958     1.6358 
     48.15  0.0029534        0.0        0.0 
     48.25  0.0029632        0.0        0.0 
     48.35  0.0029852        0.0        0.0 
     48.45  0.0030005        0.0        0.0 
     48.55  0.0030052        0.0        0.0 
     48.65  0.0030232        0.0        0.0 
     48.75   0.003055        0.0        0.0 
     48.85  0.0030877  0.0050508     1.6358 
     48.95  0.0031028        0.0        0.0 
     49.05   0.003164        0.0        0.0 
     49.15  0.0031923        0.0        0.0 
     49.25  0.0032402        0.0        0.0 
     49.35  0.0032746        0.0        0.0 
     49.45  0.0033444        0.0        0.0 
     49.55  0.0033564        0.0        0.0 
     49.65  0.0033584  0.0054936     1.6358 
     49.75  0.0033689        0.0        0.0 
     49.85  0.0033771        0.0        0.0 
     49.95  0.0033479        0.0        0.0 
